      0/99     2.28G    0.1103   0.02168         0     0.132        13       640         0         0 0.0006228 0.0001246    0.1028   0.01692         0
      1/99     2.94G    0.1027   0.02044         0    0.1231        13       640         0         0   0.00258  0.000406   0.09627   0.01694         0
      2/99     2.94G   0.09528   0.02234         0    0.1176        16       640   0.05181   0.09326   0.03021  0.007567   0.08737   0.01978         0
      3/99     2.94G   0.08712   0.02158         0    0.1087        12       640   0.04099     0.285   0.06114   0.01215   0.07824   0.02822         0
      4/99     2.94G    0.0804   0.02143         0    0.1018        12       640    0.1042    0.2953    0.1317   0.03598   0.07265   0.02175         0
      5/99     2.94G   0.07543   0.02172         0   0.09714        19       640    0.1009    0.3316     0.137   0.03225   0.06915   0.02334         0
      6/99     2.94G   0.07126   0.02096         0   0.09221        15       640    0.1617    0.4468    0.2109   0.05409   0.06381   0.02092         0
      7/99     2.94G   0.06752   0.02045         0   0.08797        17       640     0.214    0.4456    0.2672   0.07935   0.06025   0.01818         0
      8/99     2.94G   0.06564   0.01952         0   0.08516        12       640    0.2937    0.4404    0.2965   0.07815   0.06061   0.01708         0
      9/99     2.94G   0.06295   0.01936         0    0.0823        22       640    0.2852    0.4663    0.3446   0.09198   0.06021   0.01743         0
     10/99     2.94G   0.05989   0.01944         0   0.07933        16       640    0.2048    0.5544    0.3672    0.1118   0.05606   0.01985         0
     11/99     2.94G   0.06039   0.01867         0   0.07906        17       640    0.3468    0.4979     0.446    0.1627   0.05498   0.01675         0
     12/99     2.94G   0.05716   0.01887         0   0.07603        12       640    0.2302    0.6321    0.4532    0.1689   0.05368   0.01822         0
     13/99     2.94G   0.05731    0.0174         0   0.07471        17       640    0.3773     0.544    0.4869    0.1697   0.05423     0.016         0
     14/99     2.94G    0.0558   0.01783         0   0.07363        18       640    0.4637    0.5648    0.5269    0.1975   0.05196   0.01529         0
     15/99     2.94G   0.05447    0.0177         0   0.07217        14       640    0.3192    0.6736    0.5128    0.1641   0.05304   0.01752         0
     16/99     2.94G   0.05369   0.01754         0   0.07123        15       640    0.3557     0.658    0.5622    0.1873   0.05177   0.01541         0
     17/99     2.94G    0.0531   0.01749         0    0.0706        12       640    0.4212    0.6477    0.5797    0.2083   0.05134   0.01515         0
     18/99     2.94G   0.05264   0.01699         0   0.06962        19       640    0.4025    0.6995    0.6077    0.2297   0.05003   0.01444         0
     19/99     2.94G   0.05188   0.01667         0   0.06855        14       640    0.3761    0.6632    0.5906    0.2364   0.04952   0.01532         0
     20/99     2.94G   0.05123   0.01587         0   0.06711        13       640    0.4548     0.601    0.5652    0.2451   0.04812   0.01455         0
     21/99     2.94G   0.05013   0.01649         0   0.06662        18       640    0.3677    0.7358     0.602    0.2406   0.04854   0.01453         0
     22/99     2.94G     0.051   0.01587         0   0.06688        13       640    0.4246    0.6839    0.6183    0.2449   0.04859   0.01446         0
     23/99     2.94G   0.04977   0.01568         0   0.06544        13       640    0.3783    0.6967    0.5625    0.2227   0.04954   0.01526         0
     24/99     2.94G   0.04853   0.01615         0   0.06468        12       640    0.5012     0.658    0.6065    0.2381   0.05018   0.01415         0
     25/99     2.94G   0.04834   0.01528         0   0.06361        12       640    0.4031    0.6891    0.6137    0.2588   0.04832   0.01412         0
     26/99     2.94G   0.04844   0.01586         0    0.0643        12       640    0.4009    0.6839     0.622    0.2753    0.0475   0.01377         0
     27/99     2.94G   0.04748   0.01529         0   0.06277        16       640    0.3279    0.7565     0.637    0.2578   0.04741   0.01488         0
     28/99     2.94G   0.04728   0.01568         0   0.06296         9       640    0.3352    0.7617    0.6236    0.2878   0.04653   0.01407         0
     29/99     2.94G   0.04661   0.01515         0   0.06175        16       640    0.4776    0.7617    0.6777    0.2832   0.04647   0.01309         0
     30/99     2.94G   0.04568   0.01479         0   0.06048        15       640    0.4194    0.7565    0.6845    0.2987   0.04696   0.01324         0
     31/99     2.94G   0.04512   0.01486         0   0.05998        20       640     0.431    0.7409     0.664    0.2914   0.04623   0.01355         0
     32/99     2.94G   0.04566   0.01496         0   0.06061        22       640    0.4496    0.7513    0.6892    0.3005   0.04728   0.01306         0
     33/99     2.94G   0.04457   0.01546         0   0.06003        14       640    0.4865     0.772    0.7038    0.3113   0.04606   0.01309         0
     34/99     2.94G   0.04475   0.01495         0   0.05971        15       640    0.4682      0.73    0.6725    0.2977   0.04599   0.01321         0
     35/99     2.94G   0.04401   0.01457         0   0.05858        11       640    0.4537    0.7824    0.7256    0.3138   0.04571   0.01265         0
     36/99     2.94G   0.04455   0.01462         0   0.05917        10       640    0.4967    0.7098     0.682     0.291   0.04562   0.01318         0
     37/99     2.94G   0.04336   0.01453         0   0.05789        14       640    0.5198    0.7668    0.7246    0.3127   0.04494   0.01287         0
     38/99     2.94G   0.04283    0.0143         0   0.05713        22       640    0.4605    0.7772     0.713    0.3016   0.04557    0.0129         0
     39/99     2.94G   0.04308   0.01391         0   0.05699         9       640    0.4303    0.7772    0.7196    0.3312    0.0441   0.01276         0
     40/99     2.94G   0.04289   0.01387         0   0.05676        15       640    0.4632    0.7668    0.7263    0.3073   0.04431   0.01244         0
     41/99     2.94G   0.04221   0.01427         0   0.05648        13       640    0.4528    0.7876    0.7117    0.3146   0.04485   0.01284         0
     42/99     2.94G   0.04225   0.01385         0   0.05609        19       640    0.4588    0.7513    0.7043     0.315   0.04386   0.01301         0
     43/99     2.94G   0.04242   0.01369         0   0.05611        20       640    0.4913    0.7772    0.7296    0.3201   0.04413   0.01286         0
     44/99     2.94G   0.04113   0.01375         0   0.05488        15       640    0.5147    0.7969    0.7616    0.3343   0.04307   0.01227         0
     45/99     2.94G   0.04116   0.01369         0   0.05485        18       640    0.4844    0.7876    0.7255    0.3239   0.04418   0.01275         0
     46/99     2.94G   0.04042    0.0131         0   0.05352        16       640    0.5494    0.7254    0.6817    0.3048   0.04538   0.01277         0
     47/99     2.94G   0.04012   0.01308         0   0.05321        10       640    0.4205    0.7927    0.7247    0.3044   0.04434   0.01277         0
     48/99     2.94G   0.04076   0.01332         0   0.05408        19       640    0.5005    0.7824    0.7441     0.349   0.04349   0.01233         0
     49/99     2.94G   0.04044   0.01297         0    0.0534        16       640      0.57    0.7979    0.7639    0.3388   0.04367   0.01197         0
     50/99     2.94G   0.03968   0.01329         0   0.05296        17       640    0.5973    0.7668    0.7284     0.318    0.0455   0.01275         0
     51/99     2.94G    0.0396   0.01303         0   0.05263        12       640     0.543    0.7927    0.7761    0.3418   0.04338   0.01197         0
     52/99     2.94G   0.03891   0.01274         0   0.05164        14       640    0.5523    0.7927    0.7635    0.3111   0.04346   0.01234         0
     53/99     2.94G    0.0388   0.01286         0   0.05166        12       640    0.5673    0.8031    0.7688    0.3558   0.04345   0.01236         0
     54/99     2.94G    0.0386   0.01299         0    0.0516        19       640    0.4852    0.8083    0.7702    0.3548   0.04254   0.01234         0
     55/99     2.94G   0.03886   0.01269         0   0.05154        17       640    0.6247    0.7876    0.7755    0.3463   0.04305   0.01201         0
     56/99     2.94G   0.03803    0.0128         0   0.05083        14       640    0.5306    0.8023    0.7569    0.3271   0.04334   0.01174         0
     57/99     2.94G    0.0383   0.01228         0   0.05057        13       640    0.5827    0.7876    0.7726    0.3356   0.04455   0.01201         0
     58/99     2.94G   0.03732   0.01243         0   0.04975         9       640    0.6094    0.8135    0.7722    0.3428    0.0436   0.01154         0
     59/99     2.94G   0.03753   0.01239         0   0.04992        13       640    0.5468     0.829    0.7918    0.3549    0.0427   0.01157         0
     60/99     2.94G   0.03756    0.0122         0   0.04977        25       640     0.532    0.8238    0.7675     0.331   0.04403   0.01201         0
     61/99     2.94G   0.03662   0.01207         0    0.0487        11       640    0.5521     0.829    0.7836    0.3463   0.04294    0.0121         0
     62/99     2.94G   0.03638   0.01173         0    0.0481        12       640    0.5876    0.8238    0.7875    0.3588   0.04238   0.01184         0
     63/99     2.94G   0.03646   0.01186         0   0.04832        14       640    0.5716    0.8135    0.7824    0.3543   0.04196   0.01244         0
     64/99     2.94G   0.03547   0.01167         0   0.04714        16       640    0.5983    0.8135    0.7839    0.3606   0.04227   0.01234         0
     65/99     2.94G   0.03521   0.01218         0   0.04738        10       640    0.5757    0.8083    0.7929    0.3578    0.0427   0.01209         0
     66/99     2.94G   0.03542   0.01195         0   0.04738        16       640    0.6199    0.7927    0.7848    0.3449   0.04409   0.01242         0
     67/99     2.94G   0.03567   0.01195         0   0.04763        13       640    0.5984    0.8187    0.7889    0.3502   0.04261   0.01221         0
     68/99     2.94G   0.03543   0.01157         0   0.04699        13       640     0.518    0.8187    0.7584    0.3686   0.04126    0.0122         0
     69/99     2.94G   0.03511   0.01139         0    0.0465        16       640    0.6034     0.829    0.8044    0.3679   0.04211   0.01194         0
     70/99     2.94G   0.03444   0.01174         0   0.04619        18       640    0.5595    0.8394     0.798    0.3657   0.04272   0.01166         0
     71/99     2.94G   0.03432    0.0117         0   0.04602        18       640    0.6321    0.8135    0.7997    0.3549     0.044   0.01194         0
     72/99     2.94G   0.03431   0.01135         0   0.04566        17       640    0.6187    0.8031    0.7809    0.3606   0.04304   0.01178         0
     73/99     2.94G   0.03453   0.01145         0   0.04598        18       640    0.6199    0.8031    0.7982    0.3793   0.04283    0.0115         0
     74/99     2.94G   0.03428   0.01178         0   0.04606        22       640    0.5779    0.8342    0.8056     0.378   0.04228   0.01157         0
     75/99     2.94G   0.03343   0.01115         0   0.04458        17       640    0.6165    0.7979    0.7964    0.3696   0.04227   0.01182         0
     76/99     2.94G   0.03287    0.0114         0   0.04427        15       640    0.6043    0.8238    0.7913    0.3765   0.04188   0.01186         0
     77/99     2.94G   0.03333   0.01135         0   0.04468        19       640    0.6215    0.8083    0.8119     0.376   0.04249    0.0121         0
     78/99     2.94G   0.03351   0.01116         0   0.04467        20       640    0.5987    0.8238    0.7992    0.3762     0.042   0.01195         0
     79/99     2.94G   0.03281   0.01096         0   0.04377        24       640    0.5898    0.8195    0.7763    0.3571   0.04235   0.01218         0
     80/99     2.94G   0.03333   0.01084         0   0.04418        14       640    0.6396    0.8135    0.7846    0.3642   0.04147   0.01214         0
     81/99     2.94G   0.03196   0.01115         0   0.04311        22       640    0.5814     0.829    0.7867    0.3648   0.04205   0.01205         0
     82/99     2.94G    0.0325   0.01097         0   0.04347        18       640    0.6051    0.8394     0.803    0.3669   0.04226   0.01208         0
     83/99     2.94G   0.03206   0.01062         0   0.04268        18       640    0.5922    0.8202    0.7957    0.3781    0.0421   0.01185         0
     84/99     2.94G   0.03211   0.01085         0   0.04296        18       640     0.611    0.8394    0.8161    0.3625   0.04188   0.01196         0
     85/99     2.94G   0.03208   0.01073         0   0.04281        12       640    0.6155    0.8394    0.8088    0.3807   0.04105   0.01196         0
     86/99     2.94G   0.03205   0.01096         0     0.043        12       640    0.6082    0.8446    0.8108    0.3686   0.04132   0.01204         0
     87/99     2.94G   0.03162    0.0106         0   0.04221        22       640    0.5791    0.8394    0.8133    0.3715   0.04152   0.01199         0
     88/99     2.94G   0.03148   0.01069         0   0.04217        12       640    0.6244    0.8135    0.7946    0.3678   0.04137   0.01196         0
     89/99     2.94G   0.03132   0.01098         0    0.0423        10       640    0.6074    0.8135    0.7996     0.365   0.04152   0.01207         0
     90/99     2.94G    0.0314   0.01079         0   0.04219        15       640    0.6251     0.829    0.8077     0.375   0.04155   0.01198         0
     91/99     2.94G   0.03144   0.01096         0    0.0424         8       640    0.5948     0.829    0.8086    0.3705   0.04168   0.01189         0
     92/99     2.94G    0.0315   0.01019         0   0.04169        16       640    0.6129    0.8083    0.7823    0.3728   0.04123   0.01187         0
     93/99     2.94G   0.03153   0.01086         0   0.04238        14       640     0.597    0.8135    0.7968    0.3761   0.04168   0.01195         0
     94/99     2.94G   0.03103   0.01052         0   0.04155        16       640      0.62    0.8238    0.7833    0.3694   0.04145   0.01194         0
     95/99     2.94G   0.03088   0.01049         0   0.04137        13       640    0.6486    0.8083     0.785    0.3723   0.04172   0.01202         0
     96/99     2.94G   0.03128   0.01093         0   0.04221        13       640    0.6095    0.8135    0.7791     0.363   0.04155   0.01222         0
     97/99     2.94G   0.03139   0.01044         0   0.04183        19       640    0.5955     0.829    0.7932    0.3685   0.04228   0.01206         0
     98/99     2.94G   0.03095    0.0106         0   0.04154        14       640    0.6576    0.8135    0.8049     0.362   0.04208   0.01217         0
     99/99     2.94G   0.03071   0.01057         0   0.04128        15       640    0.6493    0.8342    0.8121    0.3601   0.04195   0.01193         0
