0 0.14375000000000002 0.10546875 0.2828125 0.13593750000000002
0 0.08750000000000001 0.22187500000000002 0.171875 0.084375
0 0.08281250000000001 0.32421875 0.1609375 0.0765625
0 0.287109375 0.540625 0.18046875 0.31562500000000004
0 0.4140625 0.5703125 0.0671875 0.290625
0 0.428515625 0.8812500000000001 0.09453125000000001 0.225
0 0.5 0.21406250000000002 0.06406250000000001 0.29375
0 0.68125 0.1953125 0.0921875 0.30000000000000004
0 0.667578125 0.45078125 0.22265625 0.1484375
0 0.4578125 0.446875 0.08125 0.359375
0 0.696875 0.8390625 0.16875 0.14375000000000002
0 0.8078125 0.5796875 0.1609375 0.20625000000000002
0 0.524609375 0.9460937500000001 0.16484375 0.0671875
0 0.68125 0.56171875 0.2171875 0.0890625
